0 -61.4206 -19.6045
1e-4 -61.2664 -19.4458
2e-4 -61.2921 -19.2383
3e-4 -61.2664 -19.1162
4e-4 -61.2407 -19.0063
5e-4 -61.3178 -18.8843
6e-4 -60.0329 -18.6279
7e-4 -57.6429 -18.7744
8e-4 -55.8183 -19.043
9e-4 -54.3534 -19.2993
1e-3 -52.9914 -19.4336
0.0011 -51.655 -19.2627
0.0012 -50.4472 -19.2261
0.0013 -49.1622 -19.2383
0.0014 -48.0315 -19.2993
0.0015 -46.9521 -19.1162
0.0016 -45.8213 -18.9087
0.0017 -44.742 -18.8721
0.0018 -43.7397 -18.9941
0.0019 -42.7375 -19.1772
0.002 -41.7866 -19.2749
0.0021 -40.7586 -19.3237
0.0022 -39.7821 -19.2017
0.0023 -38.8826 -18.9941
0.0024 -38.0345 -19.0308
0.0025 -37.058 -19.2383
0.0026 -36.1585 -19.3848
0.0027 -35.2333 -19.519
0.0028 -34.3596 -19.4336
0.0029 -33.4344 -19.3115
0.003 -32.535 -19.1772
0.0031 -31.6612 -19.0552
0.0032 -30.8131 -19.0918
0.0033 -30.0678 -19.0552
0.0034 -29.0913 -19.1528
0.0035 -28.2946 -19.1895
0.0036 -27.4979 -19.2627
0.0037 -26.6242 -19.2383
0.0038 -25.6733 -19.2383
0.0039 -24.7995 -19.1895
0.004 -23.9001 -19.2139
0.0041 -23.052 -19.2261
0.0042 -21.9984 -19.2749
0.0043 -20.1994 -19.3237
0.0044 -17.0898 -19.3726
0.0045 -11.95 -19.3603
0.0046 -4.24034 -19.5068
0.0047 6.03927 -19.7754
0.0048 18.5547 -20.0317
0.0049 31.4813 -20.3613
0.005 42.3777 -20.6909
0.0051 49.1622 -20.6665
0.0052 51.5779 -20.5688
0.0053 50.4215 -20.3491
0.0054 46.7465 -19.8608
0.0055 41.6324 -19.5312
0.0056 34.7194 -19.165
0.0057 26.727 -18.9697
0.0058 19.9938 -18.75
0.0059 13.8775 -18.5181
0.006 8.27508 -18.5547
0.0061 2.98109 -18.7012
0.0062 -2.15872 -18.75
0.0063 -7.22142 -18.7866
0.0064 -12.1042 -18.8599
0.0065 -16.9356 -18.689
0.0066 -21.3816 -18.5913
0.0067 -25.5191 -18.6768
0.0068 -29.0656 -18.689
0.0069 -32.1238 -18.8232
0.007 -34.6937 -18.9331
0.0071 -36.7753 -19.0186
0.0072 -38.5485 -19.043
0.0073 -40.0134 -19.1528
0.0074 -41.1441 -19.0674
0.0075 -42.1978 -19.0308
0.0076 -43.0458 -18.8599
0.0077 -43.7397 -18.811
0.0078 -44.3565 -18.75
0.0079 -44.8191 -18.7866
0.008 -45.3074 -18.6523
0.0081 -45.6671 -18.2861
0.0082 -45.9498 -17.6514
0.0083 -46.2325 -16.9678
0.0084 -46.4638 -15.9302
0.0085 -46.7465 -14.8193
0.0086 -46.8493 -13.2935
0.0087 -47.0035 -11.3037
0.0088 -47.1834 -8.81348
0.0089 -47.389 -5.896
0.009 -47.5432 -2.81982
0.0091 -47.6974 0.341797
0.0092 -47.8002 3.57666
0.0093 -47.9544 6.66504
0.0094 -48.0572 9.80225
0.0095 -48.1343 13.0127
0.0096 -48.2627 15.9302
0.0097 -48.3912 18.7622
0.0098 -48.5454 21.2402
0.0099 -48.7253 23.5107
0.01 -48.7767 25.5737
0.0101 -49.0337 27.5024
0.0102 -49.1108 29.1504
0.0103 -49.265 30.7861
0.0104 -49.3421 32.5317
0.0105 -49.4963 34.375
0.0106 -49.5734 36.3159
0.0107 -49.779 38.0981
0.0108 -49.9332 39.856
0.0109 -50.036 41.2231
0.011 -50.1388 43.0054
0.0111 -50.2673 44.9341
0.0112 -50.4215 46.9971
0.0113 -50.5243 49.0601
0.0114 -50.5757 51.2817
0.0115 -50.7813 53.4668
0.0116 -50.9354 55.5054
0.0117 -50.9868 57.3364
0.0118 -51.2438 58.6792
0.0119 -51.2952 59.9731
0.012 -51.398 61.2671
0.0121 -51.4494 62.3779
0.0122 -51.6293 63.3667
0.0123 -51.8092 64.1357
0.0124 -51.8863 64.6118
0.0125 -51.9891 65.332
0.0126 -52.1433 65.9912
0.0127 -52.2718 66.4551
0.0128 -52.3489 66.687
0.0129 -52.5031 66.8457
0.013 -52.6059 67.0532
0.0131 -52.7087 67.0654
0.0132 -52.8115 67.1997
0.0133 -52.8886 67.2241
0.0134 -53.0428 67.2119
0.0135 -53.1713 66.98
0.0136 -53.3255 66.7602
0.0137 -53.4282 66.6138
0.0138 -53.4539 66.4429
0.0139 -53.531 66.333
0.014 -53.7623 65.9424
0.0141 -53.788 65.6128
0.0142 -53.8651 65.2832
0.0143 -53.9679 65.0024
0.0144 -54.0964 64.7583
0.0145 -54.1992 64.6728
0.0146 -54.2763 64.5386
0.0147 -54.3791 64.2456
0.0148 -54.4562 63.977
0.0149 -54.559 63.5986
0.015 -54.6104 63.1348
0.0151 -54.7132 62.5976
0.0152 -54.816 62.0483
0.0153 -54.8674 61.6943
0.0154 -54.9702 61.4502
0.0155 -55.0473 60.9619
0.0156 -55.1758 60.4248
0.0157 -55.2015 59.9853
0.0158 -55.2786 59.6435
0.0159 -55.4071 59.3872
0.016 -55.4585 59.0454
0.0161 -55.5613 58.5083
0.0162 -55.6384 58.1421
0.0163 -55.6898 57.7026
0.0164 -55.7412 57.3242
0.0165 -55.9211 56.8481
0.0166 -55.9468 56.3965
0.0167 -55.9981 56.0791
0.0168 -56.1009 55.603
0.0169 -56.178 55.2368
0.017 -56.2551 54.7363
0.0171 -56.3579 54.2725
0.0172 -56.3579 53.9795
0.0173 -56.435 54.0161
0.0174 -56.5378 53.6621
0.0175 -56.6149 53.3325
0.0176 -56.7434 52.9541
0.0177 -56.7177 52.478
0.0178 -56.7691 52.0996
0.0179 -56.9747 51.6601
0.018 -57.0004 51.2817
0.0181 -57.1032 50.769
0.0182 -57.1546 50.4028
0.0183 -57.206 50.1099
0.0184 -57.2317 49.8413
0.0185 -57.3088 49.5239
0.0186 -57.4116 49.1089
0.0187 -57.4887 48.6572
0.0188 -57.4887 48.3887
0.0189 -57.6172 48.1934
0.019 -57.6429 47.9858
0.0191 -57.7971 47.9248
0.0192 -57.8485 47.6196
0.0193 -57.9256 47.1802
0.0194 -57.9513 46.6675
0.0195 -57.977 46.3257
0.0196 -58.0284 46.0083
0.0197 -58.0798 45.6665
0.0198 -58.1826 45.4468
0.0199 -58.3111 45.2759
0.02 -58.2854 45.0439
0.0201 -58.3882 44.6777
0.0202 -58.4139 44.1894
0.0203 -58.4139 43.6401
0.0204 -58.4396 43.3716
0.0205 -58.5167 43.0908
0.0206 -58.5938 42.7978
0.0207 -58.6451 42.5293
0.0208 -58.6451 42.0898
0.0209 -58.7479 41.7358
0.021 -58.7736 41.3574
0.0211 -58.8507 41.0644
0.0212 -58.8764 40.6982
0.0213 -58.9278 40.564
0.0214 -58.9021 40.4175
0.0215 -58.9535 40.2466
0.0216 -58.9535 40.0024
0.0217 -59.082 39.7217
0.0218 -59.1591 39.5508
0.0219 -59.2362 39.3555
0.022 -59.2619 38.977
0.0221 -59.2619 38.6108
0.0222 -59.3133 38.3179
0.0223 -59.3133 37.9272
0.0224 -59.4161 37.6343
0.0225 -59.4675 37.1704
0.0226 -59.4932 36.5845
0.0227 -59.5189 36.2183
0.0228 -59.5703 35.9497
0.0229 -59.5703 35.8398
0.023 -59.5446 35.7178
0.0231 -59.6217 35.5591
0.0232 -59.6474 35.1318
0.0233 -59.7502 34.8877
0.0234 -59.7759 34.7168
0.0235 -59.8273 34.6191
0.0236 -59.8273 34.4727
0.0237 -59.8787 34.2041
0.0238 -59.9301 33.8989
0.0239 -59.9815 33.5205
0.024 -60.0072 33.3374
0.0241 -59.9301 33.1055
0.0242 -60.0329 32.8369
0.0243 -60.0072 32.7026
0.0244 -60.0843 32.5317
0.0245 -60.11 32.1899
0.0246 -60.11 32.0312
0.0247 -60.1614 31.7139
0.0248 -60.1871 31.3599
0.0249 -60.2128 30.9936
0.025 -60.2128 30.835
0.0251 -60.2642 30.542
0.0252 -60.2642 30.2612
0.0253 -60.3413 30.1392
0.0254 -60.3413 30.0659
0.0255 -60.367 29.9194
0.0256 -60.3927 29.5166
0.0257 -60.4184 29.126
0.0258 -60.5212 28.9551
0.0259 -60.4955 28.772
0.026 -60.5212 28.7476
0.0261 -60.5212 28.7598
0.0262 -60.5469 28.7109
0.0263 -60.5726 28.6377
0.0264 -60.5469 28.3447
0.0265 -60.5726 27.9419
0.0266 -60.6497 27.6245
0.0267 -60.6497 27.2949
0.0268 -60.624 26.8433
0.0269 -60.6754 26.6235
0.027 -60.7268 26.6357
0.0271 -60.7525 26.5137
0.0272 -60.8039 26.3916
0.0273 -60.8039 26.2085
0.0274 -60.8039 26.0254
0.0275 -60.8296 25.708
0.0276 -60.8296 25.3784
0.0277 -60.8039 25.1709
0.0278 -60.8296 24.9756
0.0279 -60.8039 24.8047
0.028 -60.8039 24.6338
0.0281 -60.8039 24.5972
0.0282 -60.7782 24.6704
0.0283 -60.8296 24.646
0.0284 -60.8553 24.6582
0.0285 -60.9324 24.5728
0.0286 -60.9838 24.3286
0.0287 -60.9838 24.3042
0.0288 -60.9838 24.1943
0.0289 -61.0352 23.9136
0.029 -61.0352 23.6084
0.0291 -61.0609 23.3398
0.0292 -61.0352 23.0835
0.0293 -61.0866 22.876
0.0294 -61.0352 22.5586
0.0295 -61.0609 22.3999
0.0296 -61.0609 22.2168
0.0297 -61.0352 22.1558
0.0298 -61.0866 21.8872
0.0299 -61.0609 21.582
0.03 -61.0609 21.3745
0.0301 -61.0609 21.2891
0.0302 -61.138 21.2158
0.0303 -61.138 21.228
0.0304 -61.138 21.1548
0.0305 -61.1123 21.0327
0.0306 -61.1894 20.8984
0.0307 -61.1637 20.6299
0.0308 -61.1637 20.3125
0.0309 -61.138 20.1904
0.031 -61.215 20.1782
0.0311 -61.1637 20.3735
0.0312 -61.2407 20.1538
0.0313 -61.215 19.8242
0.0314 -61.2664 19.6045
0.0315 -61.1637 19.4092
0.0316 -61.215 19.3359
0.0317 -61.2407 19.2627
0.0318 -61.2664 19.2261
0.0319 -61.2407 19.2017
0.032 -61.2407 18.9941
0.0321 -61.2407 18.8721
0.0322 -61.2664 18.7622
0.0323 -61.2664 18.6768
0.0324 -61.2921 18.689
0.0325 -61.3178 18.4204
0.0326 -61.2921 18.2495
0.0327 -61.2664 18.0908
0.0328 -61.2664 17.7978
0.0329 -61.215 17.7856
0.033 -61.2921 17.6147
0.0331 -61.2664 17.4438
0.0332 -61.2921 17.3096
0.0333 -61.3435 17.1631
0.0334 -61.3435 17.0044
0.0335 -61.3435 16.8701
0.0336 -61.3435 16.6992
0.0337 -61.3435 16.6504
0.0338 -61.3435 16.5894
0.0339 -61.3949 16.5039
0.034 -61.3178 16.5527
0.0341 -61.4206 16.333
0.0342 -61.3692 16.2109
0.0343 -61.3435 16.0645
0.0344 -61.3178 15.9302
0.0345 -61.3435 15.6982
0.0346 -61.3692 15.4785
0.0347 -61.3692 15.2588
0.0348 -61.3692 15.1367
0.0349 -61.3435 15.0024
0.035 -61.4206 15.0146
0.0351 -61.4206 14.9414
0.0352 -61.472 14.8071
0.0353 -61.5234 14.4287
0.0354 -61.4977 14.3188
0.0355 -61.5234 14.2944
0.0356 -61.5491 14.2334
0.0357 -61.5234 14.1724
0.0358 -61.5234 13.977
0.0359 -61.5234 13.7085
0.036 -61.5748 13.4644
0.0361 -61.6005 13.1958
0.0362 -61.6005 13.1103
0.0363 -61.5748 12.8784
0.0364 -61.6005 12.8174
0.0365 -61.6005 12.8052
0.0366 -61.6005 12.9028
0.0367 -61.6262 12.8296
0.0368 -61.6262 12.6709
0.0369 -61.6262 12.5366
0.037 -61.6262 12.561
0.0371 -61.6262 12.4878
0.0372 -61.6519 12.4756
0.0373 -61.6519 12.3291
0.0374 -61.6776 12.1582
0.0375 -61.6519 11.9263
0.0376 -61.7033 11.8408
0.0377 -61.7033 11.8042
0.0378 -61.6776 11.7187
0.0379 -61.6776 11.4624
0.038 -61.729 11.2915
0.0381 -61.7547 11.1084
0.0382 -61.7033 11.0229
0.0383 -61.729 10.9741
0.0384 -61.7033 10.8154
0.0385 -61.7547 10.8032
0.0386 -61.7547 10.7422
0.0387 -61.7547 10.6689
0.0388 -61.7804 10.6323
0.0389 -61.7547 10.4858
0.039 -61.8061 10.2417
0.0391 -61.7547 9.93652
0.0392 -61.7547 9.87549
0.0393 -61.729 9.7168
0.0394 -61.729 9.48486
0.0395 -61.7804 9.25293
0.0396 -61.7804 8.97217
0.0397 -61.7547 9.14307
0.0398 -61.7804 9.28955
0.0399 -61.8318 9.50928
0.04 -61.8061 9.39941
0.0401 -61.8061 9.25293
0.0402 -61.7804 9.2041
0.0403 -61.8318 8.93555
0.0404 -61.8061 8.55713
0.0405 -61.8318 8.25195
0.0406 -61.8318 8.08105
0.0407 -61.8575 7.95898
0.0408 -61.8318 7.92236
0.0409 -61.8832 7.97119
0.041 -61.8575 7.83691
0.0411 -61.8318 7.82471
0.0412 -61.8318 7.69043
0.0413 -61.8318 7.54394
0.0414 -61.8832 7.32422
0.0415 -61.8318 6.97021
0.0416 -61.8575 6.82373
0.0417 -61.8832 6.89697
0.0418 -61.8832 6.81152
0.0419 -61.8575 6.72607
0.042 -61.8318 6.56738
0.0421 -61.8575 6.53076
0.0422 -61.8832 6.38428
0.0423 -61.9089 6.18896
0.0424 -61.8832 5.9082
0.0425 -61.9089 5.67627
0.0426 -61.8832 5.54199
0.0427 -61.8832 5.59082
0.0428 -61.8575 5.46875
0.0429 -61.9346 5.61523
0.043 -61.9089 5.67627
0.0431 -61.9089 5.52978
0.0432 -61.8575 5.29785
0.0433 -61.8832 5.24902
0.0434 -61.8832 5.20019
0.0435 -61.8832 5.13916
0.0436 -61.8575 4.96826
0.0437 -61.8832 4.80957
0.0438 -61.8832 4.77295
0.0439 -61.9089 4.66309
0.044 -61.8832 4.28467
0.0441 -61.9346 4.13818
0.0442 -61.9089 4.07715
0.0443 -61.9089 4.01611
0.0444 -61.9089 3.9917
0.0445 -61.8832 4.08935
0.0446 -61.8575 4.1748
0.0447 -61.8318 4.24805
0.0448 -61.8575 4.35791
0.0449 -61.8318 4.43115
0.045 -61.8318 4.58984
0.0451 -61.8061 4.56543
0.0452 -61.8061 4.32129
0.0453 -61.8575 4.11377
0.0454 -61.8318 3.96728
0.0455 -61.8318 3.71094
0.0456 -61.8575 3.39355
0.0457 -61.8575 3.40576
0.0458 -61.8575 3.56445
0.0459 -61.8575 3.61328
0.046 -61.8575 3.61328
0.0461 -61.8575 3.54004
0.0462 -61.8575 3.43018
0.0463 -61.8061 3.21045
0.0464 -61.7804 3.08838
0.0465 -61.8061 3.01514
0.0466 -61.729 2.74658
0.0467 -61.729 2.51465
0.0468 -61.729 2.56348
0.0469 -61.7033 2.771
0.047 -61.7547 2.83203
0.0471 -61.7804 2.64893
0.0472 -61.7547 2.27051
0.0473 -61.7033 2.05078
0.0474 -61.7033 2.03857
0.0475 -61.729 2.11182
0.0476 -61.729 2.22168
0.0477 -61.729 2.16064
0.0478 -61.7033 1.92871
0.0479 -61.7547 1.85547
0.048 -61.729 1.77002
0.0481 -61.729 1.62354
0.0482 -61.729 1.61133
0.0483 -61.729 1.57471
0.0484 -61.729 1.44043
0.0485 -61.729 1.26953
0.0486 -61.7033 1.25732
0.0487 -61.6776 1.2207
0.0488 -61.7033 1.2085
0.0489 -61.729 1.0498
0.049 -61.6776 0.915527
0.0491 -61.729 0.585937
0.0492 -61.7033 0.488281
0.0493 -61.6262 0.32959
0.0494 -61.6776 0.45166
0.0495 -61.6519 0.537109
0.0496 -61.7033 0.708008
0.0497 -61.6519 0.695801
0.0498 -61.6005 0.537109
0.0499 -61.6262 0.415039
0.05 -61.5491 0.244141
0.0501 -61.6776 0.134277
0.0502 -61.6519 0.292969
0.0503 -61.6519 0.439453
0.0504 -61.6519 0.427246
0.0505 -61.6262 0.231934
0.0506 -61.6776 0.12207
0.0507 -61.6776 0.0732422
0.0508 -61.6519 0.0610351
0.0509 -61.6519 0.134277
0.051 -61.6262 0.0854492
0.0511 -61.6519 -0.12207
